这个数组（最终存入键 [90] 的 [144,74,53,5, ... ,44,113]）是这样来的：

基础数据：一个 95 字节的指纹数组（记为 A），内容是：

text
[1,8,21,217,0,143,0,0,1,198,1,3,156,24,13,131,159,0,217,239,50,44,153,0,29,74,153,48,6,24,3,0,92,82,3,0,159,97,177,0,1,0,0,41,135,48,40,0,4,0,53,53,50,124,53,56,56,124,49,50,56,48,124,54,55,50,124,49,50,56,48,124,54,55,50,124,49,50,56,48,124,55,50,48,124,87,105,110,51,50,49,52,54,44,113]
生成过程：通过一个循环，每次从 A 中取出若干字节（具体取哪些由日志中的循环变量控制，但每轮取 4 个字节，顺序可能与 A 的索引不完全连续，但总体是从 A 中依序抽取），并配合一个随机数 R（0~255），经过固定的位运算，得到 4 个输出字节。
这个循环共运行 31 轮（每轮输出 4 字节，共 124 字节），最后再单独追加两个字节 44 和 113，最终得到 126 字节。

固定的位运算模式（以第一轮为例，R=246，取的 A 字节为 [1,8,21,217]）：

输出1：(R & 145) | (A0 & 110) → (246&145)=144, (1&110)=0, 144|0=144

输出2：(R & 66) | (A1 & 189) → (246&66)=66, (8&189)=8, 66|8=74

输出3：(R & 44) | (A2 & 211) → (246&44)=36, (21&211)=17, 36|17=53

输出4：经过类似运算（涉及 A0,A1,A2 和掩码组合）得到 5。
后续每一轮都完全重复这一运算模式，只是输入的 A 字节和随机数 R 不同。

各轮数据一览（31 轮，每轮随机数 R 和输出的 4 字节）：

轮次	随机数 R	输出 4 字节
1	246	144, 74, 53, 5
2	244	216, 64, 167, 157
3	71	1, 66, 5, 0
4	73	71, 65, 11, 128
5	236	13, 88, 5, 156
6	142	130, 221, 44, 131
7	142	200, 175, 30, 243
8	118	172, 155, 12, 0
9	238	28, 74, 181, 91
10	209	160, 70, 60, 26
11	153	147, 64, 80, 13
12	211	211, 1, 8, 18
13	248	159, 99, 145, 241
14	254	144, 65, 40, 0
15	40	144, 107, 175, 4
16	65	32, 40, 40, 16
17	108	5, 64, 17, 36
18	125	36, 112, 124, 63
19	225	53, 120, 60, 57
20	166	237, 113, 50, 48
21	49	168, 50, 116, 60
22	61	55, 53, 50, 50
23	241	125, 49, 62, 48
24	50	185, 112, 112, 60
25	217	54, 55, 50, 50
26	152	253, 113, 26, 48
27	177	184, 48, 88, 60
28	15	183, 48, 48, 51
29	217	109, 23, 77, 122
30	96	255, 113, 26, 34
31	(无)	32, 116, 50, 53
最后两个字节：

44：来自第 31 轮之后，从 A 的索引 93 处取值（A[93]=44）直接 push。

113：来自 A 的索引 94 处取值（A[94]=113）直接 push。

重复模式：每一轮的计算逻辑完全相同（使用相同的位运算掩码 145,110,66,189,44,211 等），唯一的区别是 A 中取的字节位置和随机数 R。因此，整个 126 字节数组就是 31 次重复相同的位运算 加上最后两个“直取”字节拼接而成。